0 495
0 531
0 544
0 548
0 553
0 555
0 559
0 586
0 614
0 653
0 657
0 663
0 668
0 704
0 730
0 734
0 746
0 747
0 756
0 763
0 776
0 798
0 830
0 833
0 835
0 844
0 858
1 495
1 500
1 505
1 535
1 544
1 553
1 555
1 557
1 562
1 570
1 587
1 589
1 591
1 620
1 636
1 641
1 650
1 657
1 665
1 694
1 713
1 730
1 747
1 751
1 752
1 801
1 826
1 858
1 871
1 872
1 875
2 495
2 526
2 544
2 553
2 555
2 559
2 562
2 587
2 589
2 620
2 653
2 657
2 730
2 734
2 765
2 768
2 798
2 826
2 870
3 496
3 553
3 589
3 730
3 732
3 733
3 822
3 847
4 496
4 510
4 520
4 537
4 544
4 553
4 586
4 587
4 591
4 602
4 615
4 629
4 639
4 657
4 663
4 665
4 670
4 685
4 687
4 691
4 696
4 710
4 713
4 714
4 721
4 723
4 726
4 730
4 735
4 747
4 749
4 751
4 755
4 758
4 765
4 769
4 776
4 796
4 798
4 804
4 815
4 822
4 835
4 836
4 847
4 848
4 849
4 858
4 870
5 496
5 510
5 520
5 529
5 537
5 544
5 553
5 555
5 558
5 581
5 586
5 602
5 617
5 629
5 657
5 665
5 692
5 696
5 710
5 713
5 714
5 721
5 723
5 730
5 731
5 735
5 747
5 754
5 755
5 758
5 765
5 773
5 776
5 782
5 796
5 798
5 801
5 804
5 815
5 817
5 822
5 835
5 836
5 847
5 849
5 871
6 497
6 500
6 505
6 527
6 535
6 544
6 547
6 553
6 555
6 557
6 577
6 586
6 587
6 604
6 613
6 614
6 620
6 636
6 639
6 653
6 657
6 674
6 680
6 685
6 713
6 730
6 733
6 741
6 747
6 749
6 762
6 763
6 775
6 776
6 798
6 801
6 808
6 811
6 822
6 835
6 839
6 842
6 843
6 856
6 858
7 497
7 522
7 534
7 535
7 544
7 550
7 553
7 557
7 576
7 580
7 586
7 587
7 613
7 614
7 620
7 653
7 658
7 663
7 699
7 731
7 747
7 751
7 776
7 780
7 798
7 822
7 858
7 864
7 871
8 497
8 500
8 505
8 529
8 535
8 544
8 555
8 557
8 558
8 559
8 584
8 586
8 587
8 601
8 614
8 620
8 639
8 641
8 649
8 653
8 667
8 704
8 713
8 720
8 730
8 735
8 746
8 747
8 749
8 756
8 763
8 776
8 790
8 796
8 801
8 815
8 822
8 830
8 837
8 858
8 871
8 872
8 877
9 497
9 500
9 505
9 529
9 535
9 538
9 544
9 547
9 548
9 553
9 555
9 557
9 558
9 559
9 580
9 584
9 585
9 586
9 587
9 614
9 617
9 620
9 639
9 641
9 653
9 657
9 667
9 668
9 679
9 683
9 700
9 713
9 730
9 731
9 735
9 746
9 747
9 748
9 756
9 763
9 776
9 784
9 796
9 798
9 801
9 821
9 822
9 830
9 841
9 842
9 849
9 858
9 860
9 871
9 872
9 874
9 877
10 497
10 502
10 528
10 553
10 555
10 557
10 560
10 563
10 587
10 614
10 620
10 657
10 663
10 668
10 672
10 676
10 679
10 704
10 713
10 730
10 733
10 734
10 735
10 744
10 755
10 765
10 776
10 796
10 801
10 813
10 824
10 834
10 841
10 849
10 850
10 858
11 497
11 524
11 525
11 526
11 532
11 544
11 553
11 555
11 559
11 586
11 601
11 620
11 639
11 653
11 663
11 692
11 699
11 704
11 706
11 710
11 713
11 723
11 734
11 735
11 739
11 747
11 754
11 755
11 763
11 766
11 776
11 784
11 791
11 796
11 801
11 805
11 811
11 812
11 822
11 832
11 847
11 850
11 871
12 497
12 499
12 500
12 505
12 511
12 526
12 533
12 544
12 547
12 553
12 555
12 557
12 559
12 586
12 587
12 591
12 625
12 639
12 641
12 657
12 665
12 674
12 700
12 704
12 706
12 710
12 716
12 725
12 734
12 735
12 739
12 743
12 747
12 754
12 755
12 763
12 776
12 791
12 796
12 798
12 801
12 804
12 805
12 811
12 813
12 822
12 830
12 850
12 856
12 858
12 859
12 872
13 497
13 500
13 501
13 506
13 507
13 508
13 510
13 519
13 520
13 522
13 528
13 529
13 532
13 535
13 540
13 543
13 544
13 547
13 549
13 552
13 553
13 554
13 555
13 557
13 558
13 559
13 561
13 562
13 563
13 564
13 576
13 577
13 584
13 586
13 587
13 589
13 592
13 596
13 597
13 599
13 601
13 602
13 610
13 613
13 617
13 620
13 621
13 626
13 629
13 630
13 639
13 640
13 641
13 646
13 648
13 653
13 656
13 657
13 665
13 670
13 674
13 679
13 680
13 682
13 685
13 686
13 692
13 699
13 700
13 703
13 704
13 710
13 718
13 721
13 726
13 730
13 731
13 734
13 735
13 737
13 740
13 746
13 747
13 749
13 751
13 754
13 755
13 756
13 758
13 763
13 765
13 766
13 767
13 769
13 770
13 776
13 779
13 784
13 787
13 788
13 790
13 794
13 796
13 797
13 798
13 801
13 813
13 817
13 822
13 824
13 828
13 830
13 832
13 839
13 841
13 849
13 851
13 856
13 858
13 864
13 870
13 871
13 872
13 874
13 877
14 498
14 505
14 520
14 523
14 544
14 553
14 555
14 559
14 560
14 563
14 579
14 586
14 587
14 589
14 605
14 613
14 614
14 636
14 653
14 655
14 657
14 663
14 665
14 679
14 680
14 700
14 730
14 747
14 758
14 760
14 763
14 765
14 769
14 773
14 775
14 796
14 798
14 804
14 822
14 826
14 833
14 836
14 858
14 860
14 864
14 871
15 498
15 500
15 505
15 520
15 523
15 528
15 529
15 530
15 544
15 559
15 560
15 563
15 587
15 605
15 620
15 653
15 655
15 657
15 679
15 680
15 681
15 700
15 721
15 727
15 730
15 747
15 758
15 760
15 765
15 770
15 795
15 796
15 798
15 822
15 826
15 836
15 860
15 871
16 498
16 529
16 530
16 544
16 553
16 555
16 559
16 586
16 587
16 636
16 657
16 679
16 680
16 681
16 726
16 730
16 734
16 758
16 765
16 770
16 796
16 798
16 801
16 804
16 817
16 822
16 826
16 833
16 858
16 863
16 864
16 871
16 872
17 498
17 505
17 510
17 525
17 526
17 527
17 529
17 532
17 536
17 544
17 545
17 553
17 555
17 557
17 559
17 570
17 575
17 586
17 587
17 590
17 599
17 601
17 611
17 617
17 620
17 636
17 637
17 639
17 643
17 663
17 672
17 676
17 685
17 687
17 710
17 713
17 718
17 730
17 731
17 732
17 733
17 734
17 735
17 746
17 747
17 752
17 755
17 756
17 763
17 767
17 775
17 776
17 785
17 793
17 798
17 801
17 807
17 815
17 819
17 822
17 824
17 825
17 832
17 849
17 850
17 853
17 858
17 864
17 870
17 871
17 872
18 498
18 500
18 505
18 526
18 527
18 529
18 530
18 536
18 544
18 545
18 547
18 553
18 554
18 555
18 557
18 559
18 562
18 569
18 583
18 584
18 586
18 587
18 588
18 593
18 596
18 598
18 599
18 606
18 612
18 613
18 620
18 627
18 632
18 635
18 639
18 643
18 645
18 653
18 657
18 665
18 670
18 674
18 679
18 680
18 685
18 686
18 689
18 692
18 696
18 700
18 706
18 710
18 711
18 713
18 716
18 718
18 720
18 730
18 731
18 734
18 735
18 736
18 737
18 738
18 740
18 747
18 755
18 756
18 762
18 763
18 764
18 765
18 775
18 776
18 793
18 798
18 801
18 807
18 813
18 817
18 831
18 857
18 858
18 860
18 864
18 870
18 871
18 872
18 876
19 498
19 531
19 553
19 639
19 679
19 733
19 765
19 768
20 500
20 510
20 544
20 553
20 587
20 601
20 613
20 679
20 710
20 730
20 747
20 749
20 756
20 773
20 776
20 798
20 800
20 801
20 817
20 847
20 858
21 500
21 528
21 532
21 553
21 555
21 559
21 585
21 586
21 587
21 591
21 639
21 641
21 663
21 674
21 686
21 730
21 746
21 747
21 749
21 776
21 801
21 822
21 834
21 836
21 858
21 868
22 500
22 544
22 547
22 553
22 557
22 559
22 586
22 587
22 614
22 626
22 639
22 641
22 657
22 726
22 730
22 746
22 751
22 765
22 775
22 776
22 784
22 798
22 801
22 835
22 858
22 864
22 871
23 500
23 505
23 527
23 529
23 544
23 553
23 555
23 557
23 559
23 562
23 576
23 584
23 585
23 586
23 587
23 589
23 591
23 599
23 601
23 614
23 620
23 636
23 657
23 667
23 685
23 692
23 696
23 713
23 730
23 731
23 734
23 746
23 747
23 749
23 751
23 756
23 764
23 765
23 770
23 776
23 798
23 801
23 804
23 814
23 815
23 822
23 858
23 864
23 871
23 872
23 874
24 500
24 505
24 544
24 553
24 555
24 557
24 587
24 614
24 618
24 641
24 657
24 730
24 734
24 746
24 776
24 858
25 500
25 513
25 544
25 553
25 555
25 557
25 639
25 710
25 747
25 756
25 775
25 776
25 798
25 804
25 822
25 858
25 864
26 500
26 518
26 527
26 529
26 544
26 553
26 586
26 587
26 613
26 636
26 641
26 784
26 798
26 817
26 822
27 500
27 502
27 505
27 510
27 529
27 534
27 544
27 545
27 548
27 553
27 555
27 585
27 586
27 587
27 614
27 618
27 639
27 641
27 657
27 660
27 661
27 674
27 679
27 704
27 706
27 710
27 712
27 713
27 716
27 730
27 731
27 734
27 735
27 738
27 739
27 742
27 746
27 747
27 749
27 754
27 755
27 760
27 763
27 764
27 775
27 776
27 784
27 790
27 796
27 798
27 801
27 808
27 812
27 815
27 817
27 822
27 835
27 845
27 847
27 858
27 867
27 868
27 871
27 872
27 874
28 500
28 502
28 528
28 532
28 544
28 553
28 559
28 563
28 587
28 639
28 641
28 653
28 663
28 685
28 710
28 713
28 715
28 721
28 730
28 746
28 763
28 776
28 779
28 796
28 801
28 808
28 815
28 822
28 823
28 835
28 847
28 858
28 870
28 871
29 500
29 544
29 547
29 548
29 550
29 553
29 555
29 559
29 587
29 613
29 624
29 641
29 657
29 658
29 667
29 673
29 674
29 707
29 730
29 746
29 747
29 749
29 776
29 798
29 800
29 801
29 815
29 817
29 822
29 833
29 850
29 858
29 871
29 872
30 500
30 544
30 547
30 548
30 550
30 553
30 555
30 587
30 613
30 620
30 624
30 639
30 641
30 658
30 674
30 730
30 746
30 747
30 796
30 798
30 800
30 801
30 809
30 821
30 822
30 833
30 858
30 864
30 871
31 500
31 502
31 544
31 553
31 586
31 591
31 601
31 730
31 747
31 776
31 798
31 801
31 822
31 858
31 864
32 500
32 505
32 535
32 547
32 553
32 586
32 602
32 607
32 620
32 629
32 657
32 699
32 730
32 731
32 754
32 757
32 780
32 798
32 801
32 832
32 835
32 858
32 871
33 500
33 506
33 530
33 532
33 544
33 555
33 613
33 617
33 653
33 661
33 713
33 735
33 746
33 747
33 773
33 776
33 798
33 822
33 858
33 872
34 500
34 505
34 544
34 587
34 613
34 614
34 725
34 747
34 754
34 798
34 801
34 822
34 832
34 858
34 872
35 500
35 504
35 505
35 510
35 521
35 522
35 544
35 553
35 557
35 559
35 563
35 587
35 610
35 639
35 641
35 653
35 655
35 657
35 710
35 733
35 735
35 747
35 756
35 765
35 770
35 796
35 822
35 847
35 858
35 865
35 871
36 500
36 535
36 544
36 547
36 550
36 553
36 557
36 587
36 602
36 613
36 614
36 620
36 636
36 643
36 658
36 663
36 676
36 701
36 721
36 726
36 730
36 731
36 734
36 747
36 748
36 751
36 776
36 780
36 798
36 801
36 822
36 858
36 864
36 871
36 872
37 500
37 503
37 504
37 505
37 535
37 544
37 547
37 550
37 553
37 555
37 557
37 576
37 586
37 587
37 591
37 602
37 603
37 613
37 614
37 636
37 639
37 641
37 643
37 658
37 663
37 721
37 730
37 731
37 734
37 747
37 776
37 780
37 798
37 801
37 820
37 822
37 858
37 864
37 865
37 871
38 500
38 505
38 535
38 544
38 547
38 553
38 555
38 557
38 559
38 576
38 586
38 587
38 591
38 602
38 613
38 614
38 620
38 636
38 653
38 657
38 658
38 663
38 676
38 699
38 730
38 731
38 733
38 734
38 737
38 747
38 751
38 776
38 798
38 801
38 822
38 858
38 864
38 871
39 500
39 503
39 504
39 505
39 526
39 535
39 544
39 546
39 553
39 557
39 559
39 587
39 614
39 617
39 618
39 620
39 653
39 700
39 713
39 716
39 718
39 730
39 734
39 746
39 747
39 751
39 754
39 801
39 822
39 824
39 871
39 872
40 500
40 544
40 557
40 613
40 641
40 653
40 657
40 679
40 698
40 747
40 776
40 781
40 784
40 801
40 822
40 833
40 858
41 500
41 544
41 547
41 553
41 555
41 557
41 559
41 586
41 613
41 620
41 621
41 639
41 653
41 657
41 674
41 700
41 716
41 730
41 731
41 747
41 751
41 775
41 776
41 780
41 804
41 822
41 869
41 871
41 872
42 500
42 510
42 514
42 516
42 534
42 544
42 545
42 547
42 553
42 559
42 586
42 587
42 614
42 620
42 639
42 641
42 660
42 661
42 665
42 674
42 679
42 704
42 706
42 710
42 712
42 713
42 716
42 730
42 731
42 734
42 735
42 738
42 739
42 742
42 746
42 747
42 749
42 754
42 760
42 763
42 764
42 765
42 775
42 776
42 784
42 796
42 798
42 801
42 812
42 817
42 822
42 826
42 832
42 835
42 858
42 867
42 868
42 871
42 872
42 874
43 500
43 502
43 503
43 504
43 505
43 529
43 542
43 544
43 553
43 555
43 557
43 559
43 587
43 613
43 617
43 620
43 639
43 657
43 685
43 692
43 693
43 697
43 726
43 730
43 733
43 734
43 747
43 756
43 763
43 765
43 776
43 779
43 784
43 796
43 801
43 817
43 840
43 871
44 500
44 544
44 557
44 587
44 641
44 657
44 699
44 747
44 754
44 798
44 872
45 500
45 509
45 527
45 528
45 529
45 544
45 547
45 553
45 555
45 565
45 577
45 586
45 587
45 589
45 616
45 636
45 639
45 641
45 653
45 663
45 669
45 670
45 677
45 680
45 685
45 708
45 710
45 713
45 721
45 725
45 730
45 737
45 741
45 744
45 747
45 754
45 756
45 763
45 773
45 776
45 779
45 790
45 796
45 798
45 801
45 803
45 813
45 815
45 822
45 843
45 858
45 864
45 871
45 872
46 500
46 526
46 530
46 535
46 544
46 553
46 555
46 559
46 586
46 601
46 614
46 617
46 620
46 653
46 657
46 670
46 710
46 713
46 715
46 726
46 730
46 733
46 737
46 743
46 744
46 746
46 754
46 756
46 765
46 775
46 793
46 796
46 798
46 801
46 815
46 816
46 822
46 824
46 832
46 850
46 858
46 870
47 500
47 502
47 544
47 553
47 576
47 587
47 615
47 620
47 639
47 663
47 713
47 730
47 747
47 749
47 759
47 769
47 776
47 779
47 798
47 801
47 822
47 858
47 864
48 500
48 502
48 513
48 544
48 557
48 587
48 610
48 641
48 653
48 657
48 680
48 718
48 730
48 735
48 742
48 813
48 847
48 858
49 500
49 535
49 544
49 547
49 553
49 559
49 586
49 587
49 620
49 636
49 639
49 641
49 653
49 700
49 702
49 704
49 711
49 717
49 730
49 731
49 746
49 747
49 749
49 751
49 758
49 765
49 776
49 798
49 801
49 822
49 824
49 828
49 834
49 841
49 846
49 849
49 858
49 864
49 871
50 500
50 544
50 555
50 557
50 559
50 587
50 620
50 650
50 657
50 676
50 690
50 710
50 713
50 715
50 730
50 747
50 749
50 773
50 775
50 776
50 798
50 801
50 804
50 822
50 840
50 855
50 858
50 864
50 871
50 872
51 500
51 534
51 535
51 544
51 550
51 555
51 557
51 587
51 613
51 614
51 634
51 643
51 657
51 658
51 731
51 747
51 776
51 780
51 798
51 801
51 858
51 871
52 500
52 505
52 555
52 586
52 665
52 798
52 822
52 839
52 858
52 871
53 500
53 505
53 553
53 555
53 594
53 614
53 798
53 839
53 858
54 500
54 502
54 532
54 534
54 544
54 545
54 553
54 557
54 559
54 586
54 587
54 589
54 617
54 620
54 639
54 657
54 660
54 661
54 674
54 704
54 706
54 710
54 712
54 713
54 716
54 730
54 734
54 735
54 738
54 739
54 742
54 746
54 749
54 754
54 759
54 760
54 762
54 765
54 776
54 779
54 784
54 796
54 798
54 801
54 812
54 822
54 835
54 847
54 849
54 864
54 871
55 500
55 532
55 544
55 545
55 548
55 553
55 555
55 557
55 587
55 641
55 700
55 701
55 730
55 747
55 762
55 776
55 784
55 796
55 798
55 799
55 822
55 858
55 868
55 869
55 871
56 500
56 532
56 587
56 639
56 653
56 675
56 730
56 801
56 858
57 500
57 529
57 553
57 557
57 614
57 620
57 754
57 756
57 798
57 822
57 839
57 844
57 871
58 502
58 527
58 544
58 553
58 557
58 586
58 587
58 591
58 604
58 613
58 614
58 653
58 657
58 679
58 680
58 685
58 713
58 729
58 730
58 733
58 741
58 747
58 756
58 763
58 775
58 776
58 798
58 801
58 811
58 835
58 843
58 844
58 864
59 502
59 510
59 544
59 553
59 555
59 557
59 559
59 586
59 615
59 620
59 639
59 653
59 663
59 670
59 730
59 731
59 734
59 738
59 742
59 775
59 776
59 798
59 801
59 809
59 822
59 858
59 859
59 871
60 502
61 502
62 502
62 587
62 606
62 620
63 502
64 502
64 505
64 509
64 510
64 544
64 547
64 553
64 555
64 558
64 559
64 563
64 586
64 587
64 597
64 613
64 614
64 639
64 641
64 653
64 661
64 672
64 673
64 676
64 700
64 704
64 706
64 707
64 710
64 712
64 713
64 715
64 718
64 729
64 730
64 731
64 742
64 746
64 747
64 751
64 754
64 763
64 766
64 773
64 774
64 776
64 789
64 796
64 798
64 801
64 806
64 814
64 815
64 820
64 821
64 822
64 824
64 830
64 858
64 864
64 871
64 872
65 502
66 502
66 684
67 502
67 527
67 529
67 530
67 532
67 544
67 547
67 553
67 555
67 557
67 587
67 613
67 617
67 639
67 641
67 653
67 684
67 710
67 730
67 747
67 755
67 756
67 773
67 779
67 784
67 790
67 798
67 801
67 807
67 822
67 824
67 849
67 853
67 858
67 864
68 502
68 505
68 511
68 518
68 527
68 544
68 553
68 555
68 559
68 587
68 613
68 620
68 634
68 636
68 639
68 649
68 657
68 668
68 710
68 730
68 746
68 747
68 754
68 756
68 757
68 772
68 798
68 801
68 802
68 822
68 858
69 502
69 518
69 527
69 532
69 544
69 553
69 587
69 643
69 726
69 740
69 798
69 858
70 502
70 526
70 534
70 544
70 545
70 548
70 553
70 559
70 586
70 587
70 639
70 641
70 653
70 657
70 660
70 661
70 663
70 674
70 704
70 706
70 710
70 712
70 713
70 716
70 730
70 734
70 735
70 738
70 739
70 742
70 746
70 747
70 749
70 754
70 760
70 775
70 776
70 784
70 790
70 796
70 798
70 801
70 812
70 835
70 858
70 867
70 868
70 871
70 874
71 502
71 544
71 548
71 553
71 559
71 587
71 613
71 636
71 641
71 653
71 657
71 663
71 730
71 734
71 747
71 775
71 776
71 858
71 868
72 502
72 591
72 614
72 620
72 639
72 641
72 665
72 704
72 710
72 713
72 776
72 788
72 801
72 815
72 822
72 858
72 871
73 502
74 502
74 516
74 526
74 530
74 534
74 544
74 545
74 548
74 553
74 559
74 586
74 587
74 639
74 657
74 660
74 661
74 674
74 686
74 704
74 706
74 710
74 712
74 713
74 716
74 730
74 731
74 734
74 735
74 738
74 739
74 742
74 746
74 747
74 749
74 754
74 756
74 760
74 776
74 784
74 796
74 798
74 804
74 808
74 812
74 835
74 867
74 870
74 871
74 872
75 502
75 544
75 553
75 557
75 574
75 587
75 685
75 713
75 730
75 746
75 747
75 748
75 782
75 798
75 847
76 502
76 532
76 544
76 553
76 555
76 556
76 557
76 559
76 561
76 587
76 613
76 620
76 641
76 656
76 657
76 665
76 704
76 713
76 730
76 736
76 776
76 798
76 801
76 822
76 858
76 871
76 872
76 874
77 502
77 544
77 555
77 559
77 563
77 587
77 592
77 608
77 613
77 639
77 641
77 653
77 710
77 718
77 730
77 747
77 751
77 755
77 784
77 793
77 822
77 858
77 871
78 502
78 505
78 520
78 530
78 544
78 547
78 553
78 555
78 559
78 586
78 587
78 617
78 639
78 641
78 657
78 665
78 681
78 711
78 714
78 726
78 730
78 731
78 733
78 746
78 747
78 756
78 765
78 776
78 798
78 804
78 808
78 847
79 502
79 520
79 521
79 522
79 530
79 544
79 553
79 592
79 620
79 655
79 657
79 665
79 681
79 692
79 730
79 747
79 751
79 754
79 798
79 804
79 847
79 858
79 873
80 502
80 520
80 530
80 544
80 553
80 557
80 586
80 613
80 639
80 657
80 665
80 713
80 730
80 749
80 776
80 798
80 801
80 804
80 822
80 835
80 858
80 873
81 502
81 506
81 544
81 553
81 594
82 502
82 544
82 553
82 587
82 649
82 696
82 733
83 502
83 544
83 553
83 587
83 636
83 663
83 730
83 746
83 747
83 755
83 779
83 785
83 798
83 801
83 872
84 502
84 587
84 685
84 730
84 773
85 502
85 529
85 544
85 587
85 620
85 639
85 657
85 667
85 710
85 713
85 734
85 747
85 754
85 785
85 817
85 819
85 820
85 850
85 858
85 870
86 502
86 544
86 553
86 555
86 587
86 734
86 872
87 502
87 507
87 526
87 529
87 543
87 544
87 547
87 553
87 555
87 557
87 558
87 559
87 564
87 580
87 586
87 587
87 589
87 620
87 625
87 626
87 639
87 640
87 641
87 653
87 665
87 700
87 704
87 709
87 710
87 713
87 715
87 730
87 735
87 737
87 746
87 747
87 750
87 756
87 763
87 765
87 773
87 776
87 779
87 784
87 796
87 798
87 800
87 801
87 815
87 822
87 826
87 829
87 835
87 840
87 842
87 847
87 858
87 871
87 872
88 502
88 553
88 569
88 587
88 591
88 649
88 747
88 756
88 860
89 502
89 684
89 804
89 858
90 502
90 548
90 553
90 555
90 557
90 560
90 587
90 613
90 700
90 704
90 747
90 763
90 770
90 773
90 776
90 779
90 813
90 822
90 824
90 858
90 871
91 502
91 538
91 553
91 559
91 858
91 870
92 502
92 578
92 733
92 764
92 798
92 804
92 858
93 502
93 544
93 557
93 620
93 639
93 657
93 746
93 747
93 756
93 822
93 871
94 502
94 557
94 587
94 620
94 704
95 502
95 544
96 502
96 559
96 644
96 858
97 502
98 502
99 502
100 502
101 502
102 502
103 502
103 553
103 657
103 710
103 747
103 858
104 502
104 557
105 502
105 505
105 532
105 534
105 544
105 553
105 555
105 557
105 587
105 617
105 636
105 639
105 641
105 653
105 730
105 747
105 749
105 751
105 776
105 783
105 784
105 786
105 804
105 826
105 837
105 847
105 858
105 864
105 871
105 872
106 502
106 553
106 653
106 858
107 502
107 538
108 503
108 505
108 529
108 544
108 553
108 555
108 557
108 558
108 559
108 613
108 614
108 620
108 653
108 713
108 730
108 756
108 757
108 775
108 798
108 801
108 815
108 822
108 824
108 826
108 858
108 864
108 871
108 872
109 503
109 544
109 547
109 553
109 555
109 559
109 561
109 563
109 576
109 620
109 641
109 668
109 676
109 721
109 730
109 735
109 747
109 749
109 756
109 775
109 776
109 779
109 798
109 801
109 822
109 832
109 834
109 845
109 851
109 858
109 872
110 503
110 504
110 505
110 532
110 553
110 733
111 503
111 552
111 553
111 599
111 679
111 849
111 858
111 871
112 503
112 553
112 557
112 587
112 601
112 613
112 614
112 620
112 639
112 653
112 733
112 747
112 751
112 776
112 784
112 798
112 801
112 815
112 821
112 822
112 824
112 871
113 504
113 505
113 553
113 555
113 559
113 587
113 589
113 620
113 639
113 653
113 657
113 710
113 712
113 756
113 798
113 808
113 820
113 822
113 858
113 864
114 504
114 657
114 672
114 713
115 504
115 505
115 553
115 587
115 601
115 641
115 692
115 746
115 809
115 830
115 850
115 877
116 505
116 527
116 544
116 553
116 555
116 557
116 566
116 586
116 587
116 604
116 613
116 614
116 620
116 653
116 657
116 665
116 680
116 685
116 713
116 720
116 726
116 730
116 741
116 747
116 751
116 763
116 775
116 776
116 785
116 798
116 801
116 811
116 815
116 817
116 822
116 835
116 841
116 843
117 505
117 527
117 544
117 553
117 557
117 558
117 586
117 587
117 604
117 613
117 614
117 617
117 620
117 653
117 657
117 663
117 680
117 685
117 687
117 701
117 713
117 730
117 741
117 747
117 756
117 763
117 775
117 776
117 789
117 798
117 801
117 808
117 811
117 822
117 835
117 843
118 505
118 527
118 544
118 553
118 555
118 557
118 559
118 582
118 586
118 604
118 613
118 614
118 618
118 639
118 653
118 657
118 680
118 685
118 713
118 730
118 741
118 747
118 762
118 763
118 775
118 776
118 798
118 801
118 811
118 822
118 835
118 843
119 505
119 509
119 510
119 532
119 544
119 547
119 548
119 553
119 557
119 559
119 574
119 586
119 617
119 641
119 657
119 663
119 674
119 700
119 701
119 710
119 728
119 747
119 749
119 765
119 776
119 784
119 798
119 807
119 822
119 841
119 847
119 858
119 867
119 868
120 505
120 526
120 532
120 544
120 586
120 595
120 617
120 657
120 663
120 673
120 685
120 730
120 756
120 765
120 776
120 790
120 801
120 822
120 847
120 858
120 861
121 505
121 510
121 528
121 544
121 559
121 586
121 587
121 639
121 688
121 701
121 730
121 747
121 751
121 776
121 784
121 792
121 830
121 847
121 858
122 505
122 544
122 548
122 553
122 557
122 587
122 639
122 641
122 657
122 734
122 785
122 858
122 871
123 505
123 517
123 528
123 532
123 535
123 553
123 555
123 624
123 641
123 657
123 667
123 698
123 710
123 713
123 725
123 747
123 766
123 776
123 801
123 811
123 822
123 832
123 847
123 856
123 859
123 865
123 871
123 872
124 505
124 529
124 538
124 543
124 544
124 547
124 553
124 555
124 559
124 565
124 587
124 589
124 610
124 617
124 636
124 639
124 641
124 669
124 670
124 685
124 705
124 710
124 713
124 721
124 730
124 741
124 744
124 747
124 754
124 756
124 763
124 776
124 779
124 801
124 803
124 813
124 814
124 822
124 843
124 858
124 864
124 871
125 505
125 532
125 544
125 557
125 563
125 586
125 592
125 614
125 639
125 657
125 663
125 685
125 699
125 710
125 747
125 779
125 800
125 820
125 822
125 839
125 872
126 505
126 527
126 587
126 620
126 657
126 667
126 672
126 756
126 776
126 804
126 826
126 872
127 505
127 544
127 553
127 587
127 596
127 599
127 730
127 804
127 808
127 822
127 839
127 858
128 505
128 544
128 822
128 839
129 505
129 528
129 544
129 553
129 557
129 587
129 610
129 641
129 730
129 748
129 754
129 756
129 757
129 773
129 776
129 784
129 798
129 804
129 822
129 858
129 869
130 505
130 535
130 544
130 547
130 553
130 559
130 587
130 599
130 614
130 617
130 620
130 636
130 641
130 653
130 700
130 726
130 730
130 747
130 751
130 798
130 801
130 822
130 839
130 855
130 858
130 864
130 872
131 505
131 553
131 639
131 730
131 746
131 835
131 839
132 505
132 647
132 766
133 505
133 544
133 667
133 746
133 756
133 757
133 798
133 858
134 505
134 555
134 586
134 614
134 657
134 659
134 679
134 713
134 834
134 869
134 870
134 872
135 505
135 534
135 553
135 570
135 587
135 639
135 653
135 665
135 755
135 835
135 869
136 505
136 617
136 793
137 506
137 515
137 538
137 544
137 553
137 555
137 557
137 558
137 560
137 561
137 563
137 587
137 591
137 594
137 614
137 620
137 651
137 657
137 665
137 667
137 704
137 721
137 730
137 735
137 747
137 756
137 758
137 770
137 776
137 796
137 798
137 801
137 804
137 822
137 826
137 832
137 851
137 858
137 863
137 871
138 509
138 641
138 711
138 784
139 510
139 528
139 544
139 553
139 586
139 587
139 591
139 601
139 636
139 641
139 653
139 657
139 698
139 710
139 730
139 747
139 756
139 773
139 790
139 801
139 811
139 822
139 858
139 871
140 510
140 526
140 528
140 544
140 553
140 555
140 557
140 559
140 570
140 571
140 576
140 582
140 587
140 613
140 636
140 639
140 641
140 730
140 734
140 746
140 747
140 763
140 784
140 801
140 822
140 835
140 850
140 858
140 860
141 510
141 518
141 544
141 586
141 639
141 641
141 674
141 729
141 730
141 755
141 784
141 798
141 801
141 815
141 817
141 858
142 510
142 553
142 557
142 587
142 601
142 617
142 700
142 711
142 746
142 775
142 839
142 864
142 870
143 510
143 544
143 613
143 639
143 746
143 747
143 778
143 798
143 822
143 830
144 510
144 548
144 553
144 623
144 639
144 710
144 713
144 730
144 763
144 779
144 796
144 815
144 823
144 858
145 510
145 544
145 553
145 555
145 557
145 559
145 587
145 614
145 620
145 650
145 657
145 684
145 690
145 710
145 715
145 726
145 730
145 747
145 749
145 773
145 775
145 776
145 796
145 798
145 801
145 804
145 822
145 826
145 835
145 836
145 840
145 855
145 858
145 871
145 872
146 510
146 553
146 713
146 830
147 510
147 538
147 543
147 544
147 555
147 557
147 559
147 563
147 586
147 587
147 613
147 639
147 641
147 653
147 670
147 671
147 674
147 704
147 730
147 735
147 746
147 747
147 770
147 775
147 776
147 784
147 798
147 847
147 858
147 864
147 871
147 872
147 876
147 877
148 511
148 521
148 522
148 544
148 553
148 557
148 569
148 576
148 587
148 620
148 639
148 655
148 657
148 680
148 713
148 730
148 734
148 739
148 742
148 747
148 753
148 775
148 801
148 804
148 810
148 817
148 822
149 512
149 544
149 552
149 557
149 587
149 605
149 639
149 680
149 700
149 710
149 730
149 757
149 758
149 760
149 765
149 773
149 776
149 820
149 826
149 836
149 847
149 858
149 862
149 876
150 518
150 527
150 553
150 555
150 614
150 618
150 704
151 518
151 557
151 614
151 684
151 747
152 518
152 553
152 830
153 520
153 541
153 544
153 548
153 553
153 555
153 557
153 559
153 599
153 602
153 613
153 614
153 620
153 629
153 639
153 653
153 665
153 687
153 696
153 710
153 721
153 730
153 734
153 735
153 748
153 751
153 756
153 758
153 773
153 775
153 776
153 804
153 815
153 835
153 836
153 839
153 847
153 858
153 871
154 520
154 530
154 544
154 553
154 555
154 557
154 559
154 665
154 730
154 733
154 747
154 776
154 798
154 822
154 847
154 864
155 520
155 555
155 641
155 657
155 729
155 730
155 735
155 747
155 749
155 776
155 790
155 798
155 807
155 847
156 524
156 532
156 544
156 548
156 553
156 559
156 586
156 587
156 649
156 730
156 751
156 756
156 793
156 796
156 798
156 839
156 858
157 526
157 530
157 534
157 544
157 545
157 553
157 557
157 586
157 587
157 620
157 639
157 648
157 657
157 660
157 661
157 674
157 704
157 706
157 710
157 712
157 713
157 716
157 729
157 730
157 734
157 735
157 738
157 739
157 742
157 746
157 747
157 754
157 760
157 776
157 784
157 796
157 798
157 812
157 835
157 858
157 867
157 871
157 872
157 874
158 526
158 553
158 733
158 847
159 526
159 532
159 557
159 559
159 653
159 701
159 734
159 759
159 858
159 876
160 526
160 553
160 586
160 776
160 837
160 843
161 527
161 538
161 544
161 553
161 557
161 586
161 591
161 604
161 613
161 614
161 653
161 657
161 680
161 685
161 713
161 730
161 741
161 747
161 749
161 762
161 763
161 775
161 776
161 798
161 801
161 811
161 835
161 843
161 858
161 860
162 527
162 544
162 553
162 555
162 557
162 586
162 604
162 613
162 614
162 636
162 653
162 680
162 685
162 713
162 720
162 730
162 741
162 747
162 755
162 763
162 775
162 776
162 798
162 801
162 811
162 835
162 843
162 847
162 858
163 527
163 538
163 540
163 544
163 547
163 553
163 557
163 559
163 562
163 586
163 604
163 613
163 614
163 653
163 680
163 685
163 713
163 726
163 730
163 741
163 747
163 756
163 763
163 775
163 776
163 798
163 801
163 811
163 835
163 843
164 528
164 547
164 553
164 555
164 557
164 559
164 641
164 653
164 704
164 712
164 730
164 734
164 747
164 775
164 776
164 784
164 798
164 802
164 864
164 871
165 528
165 544
165 547
165 555
165 570
165 587
165 639
165 641
165 665
165 747
165 775
165 776
165 779
165 858
165 871
166 528
166 544
166 553
166 559
166 601
166 650
166 653
166 730
166 733
166 765
166 779
166 801
166 824
166 864
167 528
167 531
167 532
167 544
167 547
167 553
167 563
167 574
167 587
167 591
167 614
167 634
167 656
167 657
167 665
167 680
167 692
167 712
167 730
167 733
167 779
167 801
167 808
167 874
168 528
168 544
168 553
168 555
168 559
168 587
168 636
168 657
168 730
168 749
168 756
168 784
168 835
168 858
168 860
168 872
169 528
169 633
169 870
170 529
170 544
170 547
170 553
170 555
170 559
170 614
170 639
170 713
170 714
170 746
170 764
170 784
170 801
170 871
170 872
171 529
171 544
171 545
171 553
171 557
171 586
171 587
171 685
171 713
171 730
171 746
171 751
171 757
171 776
171 796
171 798
171 822
171 858
171 864
171 871
172 529
172 544
172 553
172 559
172 586
172 620
172 657
172 665
172 679
172 733
172 747
172 798
172 801
172 822
172 858
172 871
173 529
173 587
173 700
173 747
173 755
174 530
174 547
174 553
174 557
174 559
174 586
174 587
174 613
174 614
174 617
174 636
174 639
174 653
174 657
174 665
174 680
174 698
174 706
174 713
174 716
174 729
174 730
174 731
174 733
174 747
174 796
174 801
174 814
174 824
174 833
174 835
174 849
174 852
174 857
174 858
174 871
175 530
175 544
175 553
175 555
175 559
175 587
175 613
175 614
175 617
175 620
175 639
175 713
175 730
175 746
175 747
175 749
175 773
175 822
175 850
176 530
176 544
176 555
176 587
176 594
176 639
176 679
176 711
176 747
176 765
176 771
176 785
176 858
176 864
176 871
177 530
177 532
177 535
177 544
177 553
177 555
177 559
177 586
177 587
177 601
177 620
177 639
177 700
177 726
177 730
177 733
177 734
177 747
177 798
177 801
177 822
177 850
177 851
177 856
177 858
177 863
177 870
178 530
178 644
178 747
179 532
179 543
179 544
179 553
179 557
179 559
179 587
179 620
179 657
179 737
179 779
179 849
179 858
179 864
180 532
180 548
180 553
180 559
180 639
180 641
180 653
180 713
180 715
180 763
180 779
180 798
181 532
181 553
181 555
181 582
181 595
181 617
181 657
181 711
181 724
181 730
181 779
181 801
181 825
181 847
181 858
181 871
182 532
182 553
182 557
182 639
182 657
182 730
182 745
182 756
182 773
183 532
183 647
183 665
183 796
184 532
184 553
184 657
184 675
184 756
184 796
184 820
185 532
185 639
185 734
185 745
185 746
186 532
186 553
186 734
186 747
186 820
186 870
187 532
187 841
188 532
188 587
188 721
188 796
189 532
189 544
189 546
189 704
189 711
189 713
189 716
189 732
189 733
189 775
189 776
190 534
190 544
190 547
190 620
190 624
190 639
190 641
190 653
190 657
190 747
190 776
190 798
190 817
190 854
190 858
190 870
190 872
191 534
191 547
191 641
191 732
191 776
191 841
191 858
191 863
191 864
192 534
192 547
192 553
192 568
192 587
192 657
192 663
192 667
192 726
192 776
192 777
192 858
192 863
192 872
193 534
193 544
193 547
193 553
193 568
193 576
193 587
193 628
193 641
193 657
193 663
193 746
193 776
193 777
193 814
193 822
193 858
193 863
194 534
194 544
194 618
194 641
194 746
194 747
194 798
195 534
195 544
195 553
195 555
195 614
195 644
195 657
195 808
195 858
195 870
196 538
196 553
197 538
197 587
197 870
198 538
198 544
198 547
198 553
198 557
198 639
198 641
198 653
198 657
198 747
198 776
198 798
198 817
198 839
198 854
198 858
199 539
199 544
199 555
199 557
199 587
199 614
199 639
199 700
199 734
199 776
199 801
199 815
199 822
199 841
199 871
200 543
200 544
200 553
200 600
200 639
200 641
200 716
200 730
200 755
201 543
201 553
201 587
201 641
201 657
201 729
201 734
201 746
201 776
201 779
201 784
201 798
201 847
202 544
202 587
202 613
202 730
202 801
202 817
202 847
203 544
203 553
203 557
203 587
203 589
203 607
203 625
203 626
203 650
203 652
203 662
203 663
203 664
203 665
203 666
203 678
203 679
203 684
203 719
203 723
203 725
203 726
203 734
203 747
203 755
203 776
203 801
203 822
203 850
203 858
203 860
203 864
204 544
205 544
206 544
206 555
207 544
207 553
207 557
207 586
207 675
208 544
209 544
209 555
209 587
209 614
209 620
209 730
209 734
209 746
209 747
209 779
209 796
209 798
209 801
209 822
209 835
209 858
209 871
210 544
211 544
211 830
212 544
212 553
212 804
212 870
213 544
213 555
213 557
213 775
213 822
213 858
213 864
214 544
215 544
215 553
215 555
215 559
215 582
215 587
215 589
215 639
215 641
215 653
215 657
215 663
215 684
215 685
215 692
215 704
215 710
215 711
215 713
215 715
215 730
215 731
215 734
215 735
215 742
215 747
215 754
215 763
215 776
215 779
215 793
215 796
215 815
215 817
215 823
215 858
215 860
215 864
215 872
216 544
216 553
216 710
216 798
216 832
216 837
216 858
217 544
217 587
218 544
218 553
218 555
218 557
218 561
218 580
218 587
218 613
218 657
218 667
218 668
218 704
218 713
218 730
218 746
218 756
218 776
218 801
218 804
218 820
218 858
218 864
218 871
219 544
219 639
220 544
220 553
220 614
221 544
221 553
221 559
221 601
221 639
221 641
221 700
221 729
221 734
221 739
221 747
221 749
221 776
221 798
221 817
221 839
221 847
221 858
221 868
221 872
222 544
222 553
222 555
222 557
222 559
222 572
222 573
222 586
222 587
222 639
222 641
222 657
222 730
222 734
222 746
222 747
222 775
222 776
222 779
222 798
222 801
222 822
222 858
222 864
222 871
222 872
223 544
223 553
223 586
223 587
223 614
223 620
223 639
223 650
223 657
223 676
223 710
223 730
223 735
223 747
223 755
223 756
223 776
223 798
223 802
223 804
223 822
223 858
223 864
224 544
224 553
224 557
224 587
224 638
224 639
224 641
224 667
224 686
224 713
224 730
224 731
224 746
224 776
224 779
224 798
224 801
224 822
224 837
224 858
224 869
224 871
225 544
226 544
226 553
226 559
226 563
226 586
226 601
226 641
226 656
226 657
226 665
226 674
226 685
226 700
226 710
226 713
226 726
226 730
226 734
226 754
226 765
226 776
226 796
226 801
226 817
226 835
226 847
226 858
226 866
226 871
226 874
227 544
227 569
227 860
228 544
228 657
228 713
228 756
228 839
229 544
229 547
229 551
229 553
229 557
229 586
229 639
229 641
229 653
229 657
229 746
229 747
229 776
229 798
229 817
229 854
229 858
229 864
230 544
230 547
230 639
230 641
230 653
230 746
230 747
230 776
230 798
230 817
230 854
230 858
231 544
232 544
233 544
233 553
233 557
233 587
233 594
233 599
233 601
233 657
233 692
233 747
233 756
233 761
233 798
233 822
233 858
234 544
234 553
234 557
234 594
235 544
235 553
235 594
235 843
236 544
236 553
237 544
237 557
237 587
237 617
237 657
237 704
237 747
237 784
237 798
237 813
237 814
238 544
238 587
238 589
238 657
238 784
238 858
239 544
239 553
239 557
239 586
239 614
239 617
239 657
239 730
239 733
239 747
239 812
240 544
240 553
240 557
240 586
240 614
240 657
240 730
240 733
240 747
241 544
241 557
241 587
241 618
241 639
241 641
241 657
241 747
241 759
241 776
241 798
241 872
242 544
242 555
242 804
242 858
243 544
243 553
243 746
243 822
243 839
243 858
244 544
244 796
244 817
245 544
245 547
245 553
245 559
245 587
245 657
245 732
245 733
245 765
245 824
246 544
246 553
246 557
246 620
246 639
246 801
247 544
248 544
249 544
249 553
250 544
250 553
251 544
251 553
251 555
251 557
251 587
251 602
251 619
251 620
251 636
251 639
251 641
251 711
251 716
251 765
251 776
251 801
251 813
251 814
251 834
251 858
251 869
251 870
252 544
252 747
252 798
252 802
252 822
253 544
253 553
253 586
253 820
253 871
254 544
254 704
254 746
254 756
254 839
254 858
255 544
255 586
255 722
255 747
256 544
256 691
256 747
257 544
257 684
257 721
257 730
257 747
257 835
257 858
258 544
258 657
258 779
258 858
259 544
259 633
259 733
259 798
259 858
260 544
260 733
260 820
260 858
261 544
261 620
261 644
261 776
261 830
261 858
262 544
262 553
262 644
262 818
262 822
263 544
263 553
263 644
263 858
264 544
264 555
264 587
264 614
264 644
264 657
264 858
265 544
265 553
265 555
265 614
265 644
265 657
265 776
266 544
266 555
266 614
266 628
266 657
266 822
266 858
267 544
267 614
267 644
267 657
267 730
267 776
267 779
267 801
268 544
268 553
268 657
268 858
269 544
269 586
269 587
269 707
269 747
270 544
270 553
270 587
270 733
270 843
271 544
271 555
271 557
271 587
271 613
271 747
271 749
271 754
271 798
271 801
271 858
272 544
272 553
272 557
272 586
272 686
272 726
272 730
272 733
272 734
272 798
272 822
272 858
272 863
273 544
273 763
274 544
274 548
274 587
274 665
274 730
274 732
274 733
274 776
275 544
275 559
275 858
276 544
277 544
277 559
277 779
277 837
278 544
278 633
279 544
279 547
279 550
279 553
279 555
279 587
279 613
279 641
279 654
279 658
279 674
279 730
279 746
279 747
279 755
279 798
279 800
279 801
279 822
279 833
279 871
280 547
280 557
280 559
280 622
280 639
280 695
280 733
280 734
280 834
280 858
280 865
280 876
281 547
281 653
281 817
281 858
282 547
282 620
282 653
282 817
282 858
283 548
284 548
285 548
285 557
285 822
285 871
286 548
286 557
286 822
286 871
287 548
287 557
287 822
287 871
288 548
288 557
288 822
288 871
289 548
289 557
289 822
289 871
290 548
290 557
290 822
290 871
291 548
291 557
291 822
291 871
292 548
292 557
292 822
292 871
293 548
293 620
293 639
293 653
294 548
294 553
294 559
294 587
294 641
294 730
294 776
294 784
294 796
294 798
294 876
295 548
295 755
296 553
297 553
297 624
297 732
297 776
297 830
297 871
298 553
299 553
300 553
300 747
301 553
301 653
302 553
303 553
303 587
304 553
304 557
304 613
304 620
304 653
304 657
304 712
304 733
304 754
304 817
304 822
304 858
304 870
305 553
305 555
305 557
305 567
305 589
305 631
305 639
305 730
305 733
305 827
306 553
306 587
306 748
306 784
306 801
307 553
307 560
307 563
307 587
307 613
307 615
307 636
307 639
307 657
307 680
307 765
307 769
307 773
308 553
308 587
309 553
309 624
309 657
309 730
309 747
309 801
310 553
310 670
310 701
310 747
310 801
311 553
312 553
312 639
312 864
313 553
313 586
313 587
313 657
313 730
313 747
313 822
314 553
314 555
314 746
314 747
314 779
315 553
315 576
315 589
315 634
315 678
315 713
315 751
315 776
315 784
315 798
315 858
315 864
316 553
317 553
317 746
317 756
318 553
318 559
318 757
318 779
319 553
319 701
319 842
320 553
320 587
320 668
320 824
321 553
321 559
322 553
322 594
322 657
322 733
323 553
324 553
324 586
324 757
324 798
325 553
325 557
325 657
325 747
326 553
326 657
326 746
326 872
327 553
327 747
327 818
327 858
327 871
328 553
329 553
329 620
329 733
329 734
330 553
330 555
330 614
330 644
330 657
331 553
332 553
332 657
333 553
334 553
334 591
334 747
334 776
334 798
335 553
335 663
335 733
336 553
336 733
337 553
337 586
337 711
337 733
338 553
338 754
338 763
339 553
339 679
339 733
339 795
340 553
340 733
341 553
342 553
342 555
342 620
342 636
342 657
342 680
342 713
342 730
342 741
342 765
342 775
342 776
342 822
342 843
343 555
344 555
344 587
344 613
344 657
344 730
344 746
344 747
344 765
344 801
344 858
345 555
345 587
345 713
345 785
345 839
346 555
347 555
347 711
347 801
348 555
348 587
348 614
348 620
348 730
348 817
348 821
348 822
348 845
348 850
348 858
348 871
349 557
350 557
351 557
352 557
352 747
353 557
353 633
353 721
354 557
354 587
355 558
356 559
356 587
356 641
356 730
356 733
356 776
356 798
356 822
356 858
357 559
357 587
357 617
357 641
357 653
357 657
357 698
357 747
357 801
358 559
358 614
358 639
358 746
359 559
359 639
359 653
359 784
360 576
361 576
361 636
361 657
361 692
361 730
361 733
361 746
361 819
361 832
361 858
361 872
361 876
362 584
363 586
363 639
363 657
363 698
363 712
363 730
363 759
363 801
363 822
363 838
363 858
364 586
364 733
364 817
365 586
366 586
366 733
366 830
366 858
367 586
367 801
367 830
368 587
369 587
370 587
371 587
371 747
371 871
372 587
372 624
372 730
372 775
372 801
373 587
373 657
373 850
374 587
375 587
375 747
376 589
377 595
378 602
378 657
379 609
379 657
379 817
380 613
381 614
381 644
381 657
382 614
382 644
382 657
383 614
383 620
383 763
383 830
384 614
384 639
385 617
386 618
386 733
386 751
387 620
387 675
388 620
389 620
389 746
389 801
390 620
390 747
391 620
392 620
393 620
394 626
395 633
396 639
397 639
398 639
399 639
399 713
399 746
399 818
399 864
400 639
400 870
401 641
401 858
402 641
402 858
403 642
404 647
404 713
404 756
404 822
404 839
404 864
405 649
406 649
406 713
406 784
407 657
407 730
407 757
408 657
408 798
408 871
409 657
409 747
410 657
411 657
411 818
412 663
412 747
412 756
413 663
413 733
414 663
415 665
416 665
417 675
418 675
419 685
420 685
420 730
420 746
420 773
421 700
421 766
422 700
423 701
424 704
424 776
424 822
424 858
425 704
425 733
426 704
427 710
427 858
427 870
428 711
429 711
430 713
431 716
432 721
432 747
432 835
432 858
433 721
433 747
433 835
433 858
434 729
435 730
436 730
436 756
436 784
436 858
437 730
438 731
439 731
440 733
440 841
441 733
442 733
442 858
443 733
444 733
444 798
444 822
444 871
445 733
446 733
446 858
447 733
448 733
449 746
450 747
451 747
452 747
452 820
453 747
453 837
454 747
455 754
455 830
456 755
457 755
458 755
459 763
459 820
459 830
460 770
460 830
460 839
461 776
462 784
463 798
464 801
465 808
466 822
467 822
468 822
469 822
470 822
470 871
471 822
472 824
473 830
474 830
475 843
476 858
477 858
478 858
479 858
480 858
481 858
482 858
483 858
484 858
485 858
486 858
487 858
488 866
489 870
490 870
491 871
492 871
493 871
494 872
